      0/99     4.24G   0.06914   0.02253   0.02989    0.1216        58       640   0.01243    0.1484  0.008402  0.001583   0.09425   0.02348   0.03284
      1/99     14.3G   0.05582   0.02302   0.02395    0.1028        50       640    0.1075    0.4385    0.1418    0.0519   0.07986   0.02182   0.02887
      2/99     14.3G   0.05052   0.02204   0.01796   0.09052        61       640     0.569    0.3978    0.4254    0.2291   0.07365   0.01983     0.025
      3/99       12G    0.0496   0.01975   0.01409   0.08344        62       640    0.6104    0.4806    0.4622    0.2504   0.07735   0.01792   0.02347
      4/99     14.4G   0.05068   0.01778   0.01239   0.08085        54       640    0.6773    0.5467    0.5729    0.3077   0.07332   0.01722   0.02073
      5/99     14.4G   0.04862   0.01721   0.01032   0.07614        74       640    0.6333    0.5684     0.641    0.3746   0.07059   0.01673   0.02044
      6/99     14.3G   0.04826   0.01615  0.009323   0.07374        51       640    0.6195    0.6739    0.7063    0.4497   0.06426   0.01733   0.01839
      7/99     14.3G   0.04826   0.01626  0.008593   0.07311        66       640    0.4765    0.7113    0.6769     0.402   0.06884   0.01584   0.01765
      8/99     14.4G   0.04582   0.01554  0.007252   0.06861        56       640    0.6184    0.7826    0.7423    0.4106   0.06753   0.01627   0.01705
      9/99     14.4G   0.04422   0.01472  0.006833   0.06578        52       640    0.7675    0.8023    0.8327    0.5023    0.0607   0.01642   0.01697
     10/99     14.4G    0.0432   0.01528  0.006256   0.06474        52       640    0.6948    0.7841    0.7967    0.4632   0.06105   0.01651   0.01637
     11/99     14.4G   0.04453   0.01407  0.005425   0.06403        67       640    0.5143    0.8031    0.7106    0.4016   0.07216   0.01493   0.01634
     12/99     14.3G   0.04359   0.01294  0.006135   0.06266        85       640    0.7691    0.8346    0.8151    0.5104   0.06799   0.01443   0.01576
     13/99     14.2G   0.04262   0.01417  0.005736   0.06253        79       640    0.7353    0.8097    0.7854    0.4618    0.0656   0.01396   0.01481
     14/99     14.3G   0.04081   0.01376  0.005209   0.05978        65       640    0.7725    0.8251    0.8422    0.5358   0.06401   0.01443   0.01474
     15/99     14.4G   0.03901   0.01305  0.004336   0.05639        62       640    0.8226    0.7964    0.8346    0.5376   0.06052   0.01486   0.01514
     16/99     14.4G   0.03957   0.01388  0.004891   0.05834        93       640    0.7787    0.8179    0.8281    0.5574    0.0598   0.01543   0.01447
     17/99     14.3G   0.03893     0.013   0.00445   0.05638       100       640    0.7583    0.8175    0.8392     0.544   0.05781    0.0159   0.01469
     18/99     14.4G   0.03797   0.01302  0.004241   0.05523        60       640    0.7774     0.833    0.8367    0.5528   0.06076   0.01494   0.01415
     19/99     14.3G   0.03909   0.01303  0.004459   0.05658        63       640    0.8858    0.8269    0.8805    0.5785   0.06202   0.01464   0.01433
     20/99     14.3G   0.03811   0.01314  0.004273   0.05553        77       640    0.8012    0.8183    0.8508    0.5708   0.06117   0.01547   0.01384
     21/99     14.4G   0.03741    0.0128  0.003581   0.05378        64       640    0.8268    0.8522    0.8509    0.5804   0.06562   0.01501   0.01492
     22/99     14.4G   0.03585     0.013  0.003422   0.05226        67       640    0.8001    0.8119    0.8311    0.5604   0.06589   0.01527   0.01454
     23/99     14.3G   0.03572   0.01249  0.003195    0.0514        86       640    0.7581    0.8133    0.8445    0.5654   0.06631   0.01499   0.01254
     24/99     14.3G    0.0358   0.01347   0.00351   0.05278        45       640      0.87     0.787    0.8699    0.5889   0.06253   0.01524   0.01316
     25/99     14.3G   0.03505   0.01285  0.003114   0.05101        70       640      0.79    0.8308    0.8452     0.566   0.06175   0.01505   0.01389
     26/99     14.3G   0.03477   0.01293  0.002943   0.05064        63       640     0.867    0.7611    0.8283    0.5585   0.06044   0.01719    0.0131
     27/99     14.3G   0.03478   0.01289  0.002978   0.05065        80       640    0.8412     0.836    0.8572    0.5869   0.05721   0.01666   0.01265
     28/99     14.4G    0.0338   0.01301  0.002954   0.04976        52       640    0.8798    0.8623    0.8896    0.6188   0.05424   0.01552    0.0127
     29/99     14.3G   0.03302   0.01275  0.002496   0.04826        84       640    0.8629    0.8514    0.8858    0.5979   0.05734    0.0149   0.01307
     30/99     14.3G   0.03292   0.01202  0.003099   0.04804        55       640    0.8463    0.8608    0.8842    0.5959   0.05758   0.01499   0.01337
     31/99     14.3G   0.03316   0.01241  0.002416   0.04798        76       640    0.8978    0.8218    0.8802     0.585   0.05849   0.01592   0.01246
     32/99     14.3G   0.03213   0.01219  0.002989    0.0473        56       640    0.7953    0.8631    0.8606    0.5835   0.05654   0.01567   0.01271
     33/99     14.3G   0.03216   0.01164  0.002445   0.04625        76       640    0.8657    0.8807    0.8763    0.6057    0.0553   0.01569   0.01186
     34/99     14.3G   0.03182   0.01237  0.002536   0.04672        73       640    0.8545    0.8685    0.8723    0.5925   0.05635   0.01559   0.01183
     35/99     14.3G   0.03141    0.0121  0.002003   0.04551       108       640    0.8748    0.8887    0.8941    0.6112   0.05556   0.01546   0.01123
     36/99     14.3G    0.0312   0.01158  0.002309   0.04509        46       640     0.861     0.892    0.8817      0.61   0.05609   0.01569   0.01138
     37/99     14.3G   0.03024   0.01138  0.002204   0.04383        96       640     0.894     0.876    0.8915    0.6129   0.05277   0.01568   0.01139
     38/99     14.3G   0.03129   0.01141  0.002087   0.04479        84       640     0.877    0.8345    0.8723     0.601   0.05491   0.01559   0.01237
     39/99     14.3G    0.0299   0.01125  0.001542   0.04269        56       640    0.8532    0.8899    0.8919    0.6128   0.05368   0.01555   0.01232
     40/99     14.3G   0.03048   0.01111  0.001791   0.04338       104       640    0.8445    0.9008    0.8853    0.6151   0.05456   0.01507   0.01087
     41/99     14.4G   0.02937   0.01135  0.001927   0.04266        73       640    0.8896    0.8577    0.8884     0.619   0.05419   0.01534   0.01112
     42/99     14.4G   0.02935   0.01174  0.001759   0.04285        57       640    0.8717    0.8756    0.8911    0.6282   0.05403   0.01519   0.01048
     43/99     14.4G   0.02869   0.01114  0.002005   0.04183        94       640    0.8704    0.8774    0.8912    0.6285   0.05377   0.01586   0.01245
     44/99     14.3G   0.02966   0.01132  0.001979   0.04296        56       640    0.8354    0.8953    0.8985    0.6253   0.05413   0.01562   0.01056
     45/99     14.3G   0.02901   0.01133  0.002058    0.0424        91       640    0.8503    0.9085    0.8937    0.6326    0.0531   0.01566   0.01034
     46/99     14.3G   0.02838   0.01075   0.00165   0.04078        63       640    0.8563    0.9015    0.8949    0.6393   0.05192   0.01624   0.01032
     47/99     14.3G   0.02841   0.01104  0.001442   0.04089        83       640     0.881    0.8911    0.8909    0.6299   0.05192   0.01595  0.009996
     48/99     14.3G   0.02842   0.01083  0.001434   0.04069        94       640    0.8869    0.8627    0.8793    0.6248   0.05398   0.01602  0.009465
     49/99     14.3G   0.02818   0.01111  0.001633   0.04092        90       640    0.8915    0.8951     0.904    0.6391   0.05491   0.01557  0.009406
     50/99     14.4G   0.02773   0.01085  0.001897   0.04047        62       640    0.8146    0.8791     0.878    0.6175    0.0553   0.01578   0.01376
     51/99     14.3G   0.02733   0.01112  0.001624   0.04007        77       640    0.8959    0.9087    0.8946    0.6438   0.05562   0.01559   0.00938
     52/99     14.3G   0.02754   0.01022  0.001372   0.03912        40       640    0.9033    0.8795    0.8949    0.6376   0.05442   0.01564  0.009523
     53/99     14.4G   0.02713   0.01065   0.00127   0.03905        76       640    0.8834    0.8985    0.8959    0.6414   0.05321   0.01563  0.009397
     54/99     14.4G   0.02655   0.01114  0.001022   0.03871        80       640    0.9077    0.8852    0.9095    0.6493   0.05266   0.01545  0.008916
     55/99     14.4G   0.02606   0.01062  0.001188   0.03787        55       640    0.8917    0.8742    0.8867    0.6321   0.05242   0.01589  0.009777
     56/99     14.4G   0.02577   0.01036  0.001182   0.03731        88       640    0.8859    0.8817    0.8812    0.6227   0.05227   0.01597  0.009834
     57/99     14.4G   0.02544   0.01049  0.001104   0.03703        52       640      0.88    0.8871    0.8891    0.6312   0.05273   0.01558   0.01003
     58/99     14.4G   0.02599   0.01026  0.001118   0.03737        69       640    0.8859    0.8853    0.8942    0.6377   0.05149   0.01591  0.009938
     59/99     14.4G   0.02545   0.01022 0.0009958   0.03667       111       640     0.887    0.9018    0.9025    0.6416   0.04995   0.01631  0.009841
     60/99     14.4G   0.02494  0.009538  0.001068   0.03555        58       640    0.8932    0.8977    0.9003    0.6418   0.04891   0.01611  0.009429
     61/99     14.3G   0.02545   0.01019   0.00111   0.03675        43       640    0.8764    0.9087    0.9026     0.647   0.04861   0.01633  0.009412
     62/99     14.3G   0.02548   0.01008  0.001583   0.03714        72       640    0.9033    0.8948    0.9027    0.6451   0.04926   0.01657  0.009342
     63/99     14.3G   0.02522  0.009776  0.000986   0.03598        82       640    0.8915    0.9144    0.9112    0.6509   0.04945   0.01678  0.009245
     64/99     14.3G   0.02432  0.009976  0.001512   0.03581       100       640    0.9028    0.8996    0.9083    0.6499   0.04798   0.01707  0.009391
     65/99     14.3G   0.02435   0.01022  0.001251   0.03582        43       640    0.8721    0.9199     0.899    0.6415   0.04884   0.01702  0.009489
     66/99     14.3G   0.02412   0.01043  0.001066   0.03562        34       640    0.8996    0.9003    0.9037    0.6439   0.04968   0.01672  0.009144
     67/99     14.4G   0.02371  0.009697  0.001028   0.03443        88       640    0.8973    0.9005    0.8991    0.6382   0.04944   0.01709  0.009335
     68/99     14.4G   0.02396   0.01015 0.0009548   0.03506        73       640    0.9011    0.9015    0.9031    0.6472    0.0498   0.01674  0.009308
     69/99     14.4G   0.02315   0.01002 0.0008974   0.03407        63       640    0.9089    0.9014    0.9117    0.6541   0.05097   0.01624   0.00916
     70/99     14.4G   0.02262   0.00963 0.0009094   0.03316        64       640    0.9207    0.8995     0.906    0.6529   0.05224   0.01626   0.00903
     71/99     14.3G   0.02253  0.009966 0.0009577   0.03345        57       640    0.9102    0.8995    0.9085    0.6492   0.05157   0.01605  0.008963
     72/99     14.4G   0.02272  0.009496 0.0008641   0.03308        38       640    0.9029    0.9036    0.9084    0.6538   0.05094   0.01604   0.00909
     73/99     14.3G   0.02227  0.009448 0.0009198   0.03263        64       640    0.8943    0.9104    0.9121    0.6587   0.04977   0.01597  0.009058
     74/99     14.3G   0.02233  0.009362 0.0007934   0.03249       101       640    0.9061    0.9077    0.9164    0.6531   0.04959   0.01622  0.009162
     75/99     14.3G    0.0225  0.009123 0.0008244   0.03245        92       640     0.901    0.8992    0.8998    0.6515   0.05077   0.01633   0.00907
     76/99     14.3G    0.0222  0.009425 0.0008675   0.03249        99       640    0.9082    0.8964    0.9054    0.6481   0.05003   0.01638  0.008886
     77/99     14.3G   0.02201  0.009388 0.0008464   0.03225        49       640    0.8846    0.9076    0.9019    0.6372   0.05173   0.01653  0.009131
     78/99     14.3G   0.02171   0.00938 0.0006097    0.0317        97       640     0.902    0.9021    0.9063    0.6495    0.0506   0.01659  0.009045
     79/99     14.3G   0.02199  0.009623 0.0008907    0.0325        53       640    0.8828    0.9067    0.9006    0.6494   0.05027   0.01683   0.00887
     80/99     14.3G   0.02165  0.009219 0.0007718   0.03164        80       640    0.9015    0.8938    0.9009    0.6418   0.05091   0.01673  0.008905
     81/99     14.3G   0.02116  0.008913  0.000787   0.03086        85       640     0.903    0.8815    0.8978    0.6412   0.05082   0.01662  0.008671
     82/99     14.3G   0.02104  0.008934 0.0008218   0.03079        85       640    0.8911    0.8982    0.8979    0.6477   0.05122   0.01665  0.008815
     83/99     14.3G   0.02077  0.008802  0.000646   0.03022       102       640    0.8917    0.9087    0.9017    0.6561   0.05093   0.01661  0.008717
     84/99     14.3G   0.02082  0.009279 0.0007608   0.03086        63       640    0.9077    0.9101    0.9081    0.6606   0.05047   0.01669  0.008583
     85/99     14.4G   0.02056   0.00893 0.0006419   0.03013        49       640    0.8961    0.9019    0.9072    0.6584   0.05041   0.01678  0.008642
     86/99     14.3G   0.02044   0.00919 0.0006671    0.0303        56       640    0.9003    0.9044    0.9092    0.6577    0.0494   0.01692  0.008536
     87/99     14.3G   0.02041  0.008905 0.0006446   0.02996       104       640    0.8983    0.9073    0.9096     0.655   0.04974   0.01684  0.008472
     88/99     14.3G   0.02021  0.009225 0.0006442   0.03008       130       640    0.9052    0.9004    0.9158    0.6583   0.04888   0.01681  0.008523
     89/99     14.3G   0.02041  0.009518 0.0007207   0.03065        77       640     0.903    0.9076    0.9149    0.6546   0.04813   0.01681  0.008542
     90/99     14.3G   0.02014  0.008832 0.0006769   0.02965        70       640    0.9145    0.8965    0.9154    0.6567   0.04839   0.01701  0.008456
     91/99     14.3G   0.01977  0.009047 0.0008996   0.02971        80       640    0.8765    0.9185    0.9129    0.6593   0.04838   0.01704  0.008499
     92/99     14.3G   0.02004  0.008969 0.0007037   0.02971        67       640    0.9013    0.9131    0.9152    0.6593   0.04874   0.01698  0.008559
     93/99     14.3G   0.01945   0.00919 0.0006087   0.02925        67       640    0.8961    0.9124    0.9145    0.6621   0.04834   0.01704  0.008581
     94/99     14.3G   0.01915  0.008858 0.0007223   0.02873        54       640    0.8896    0.9193    0.9124     0.659     0.048   0.01706  0.008551
     95/99     14.3G   0.01911  0.009085 0.0005627   0.02876        85       640    0.8804    0.9229    0.9132    0.6621   0.04818   0.01702  0.008493
     96/99     14.3G   0.01948  0.008795 0.0005875   0.02887        85       640    0.9106    0.8918    0.9158    0.6614   0.04801   0.01696  0.008509
     97/99     14.3G   0.01898  0.008689 0.0007267    0.0284        56       640    0.9028    0.8885    0.9103    0.6612   0.04819   0.01698  0.008478
     98/99     14.3G   0.02001  0.009013 0.0007558   0.02978        56       640    0.8907     0.903    0.9114    0.6636   0.04862   0.01708  0.008392
     99/99     14.3G   0.01912  0.008652 0.0005408   0.02831        58       640    0.8849    0.9121    0.9111     0.658   0.04886    0.0172  0.008457
